13405550383
13405550384
13405550385
13405550386
13405550387
13405550388
13405550389
13405550390
13405550391
13405550392
13405550393
13405550394
13405550395
13405550396
13405550397
13405550398
13405550399
13405550400
10000000010
10000000102
10000002008
10700401006
10705551006
12000000010
12001000010
12300003003
13000000001
13000000003
13000000102
13000552008
13007000001
13300000003
13405550401
13405550402
13405550403
13405550404
13405550405
13405550406
13405550407
13405550408
13405550409
13405550410
13405550411
13405550412
13405550413
13405550414
13405550415
13405550416
13405550417
13405550418
13405550419
13405550420
10000003003
10000401006
10000660010
10003222008
10005401006
10005560010
10006003003
10007703003
10055622008
10078002008
10080000010
10100000102
10100002008
10155000102
10540040106
10545000010
10555000010
10667703003
13405550421
13405550422
13405550423
13405550424
13405550425
13405550426
13405550427
13405550428
13405550429
13405550430
13405550431
13405550432
13405550433
13405550434
13405550435
13405550436
13405550437
13405550438
13405550439
13405550440
13405550441
13405550442
13405550443
13405550444
13405550445
13405550446
13405550447
13405550448
13405550449
13405550450
18087401006
19507401006
16806003003
18667703003
19670040100
15700000102
14705551006
13705551007
14702351008
17785551009
16705551010
16777231011
16706651012
16704451013
13402351014
12205551015
15605551016
17602351017
17802351018
17505551019
13305551020
16705551021
14505551022
18605551023
13205551024
14505551025
16705551026
12305551027
17605551028
18605551029
16705551030
16705551031
14605551032
16705551033
13305551034
16705551035
16405551036
19905551037
15605551038
16895551039
10085551040
19905551041
17705551042
16805551043
10705551044
17970555104
19905551046
18805551047
17805551048
17805551049
16000051050
16707751051
16745451052
16767551053
14455551054
16899951055
16707751056
19905551057
14505551058
13505551059
17505551060
16705551061
18905551062
15605551063
19705551064
16505551065
18705551066
19905551067
10005551068
18805551069
16505551070
16705551071
16805551072
15405551073
18087401454
19507403335
16806003443
18667703323
19670012100
15700333102
14704451006
13705651007
14705751008
17785651009
16706751010
16776651011
16706451012
16704551013
14340651014
12506751015
15605577776
17666661017
17806671018
17506751019
13305676100
16705555621
14505651622
18606651023
13205851024
14505891025
16705761026
12334661027
17606651028
18605661029
16705761030
16705541031
14605561032
16705651033
13304667034
16705566035
16405544036
19905555037
15605547038
16895880839
10085588140
19905566741
17703550642
16805566643
10705565544
17970555543
19905651046
18802251047
17803451048
17805451049
16457551050
16707751051
16745455652
15888881053
14565518054
16898888055
16707758056
19886688057
14505881058
13885551059
17508551060
16788551061
18906551062
15605771063
19702361064
16502367065
18705567066
19905588067
10005584068
18805566069
16502377670
16705564561
16805546032
15402375071
13405550498
13405550499
13405550500
13405550501
13405550502
13405550503
13405550504
13405550505
13405550506
13405550507
13405550508
13405550509
13405550510
13405550511
13405550512
13405550513
13405550514
13405550515
13405550516
13405550517
13405550518
13405550519
13405550520
13405550521
13405550522
13405550523
13405550524
13405550525
13405550526
13405550527
13405550528
13405550529
13405550530
13405550531
13405550532
13405550533
13405550534
13405550535
13405550536
13405550537
13405550538
13405550539
13405550540
13405550541
13405550542
13405550543
13405550544
13405550545
13405550546
13405550547
13405550548
13405550549
13405550550
13405550551
13405550552
13405550553
13405550554
13405550555
13405550556
13405550557
13405550558
13405550559
13405550560
13405550561
13405550562
13405550563
13405550564
13405550565
13405550566
13405550567
13405550568
13405550569
13405550570
13405550571
13405550572
13405550573
13405550574
13405550451
13405550452
13405550453
13405550454
13405550455
13405550456
13405550457
13405550458
13405550459
13405550460
13405550461
13405550462
13405550463
13405550464
13405550465
13405550466
13405550467
13405550468
13405550469
13405550470
13405550471
13405550472
13405550473
13405550474
13405550475
13405550476
13405550477
13405550478
13405550479
13405550480
13405550481
13405550482
13405550483
13405550484
13405550485
13405550486
13405550487
13405550488
13405550489
13405550490
13405550491
13405550492
13405550493
13405550494
13405550495
13405550496
13405550497
13405550575
13405550576
13405550577
13405550578
13405550579
13405550580
13405550581
13405550582
13405550583
13405550584
13405550585
13405550586
13405550587
13405550588
13405550589
13405550590
13405550591
13405550592
13405550593
13405550594
13405550595
13405550596
13405550597
13405550598
13405550599
13405550600
13405550601
13405550602
13405550603
13405550604
13405550605
13405550606
13405550607
13405550608
13405550609
13405550610
13405550611
13405550612
13405550613
13405550614
13405550615
13405550616
13405550617
13405550618
13405550619
13405550620
13405550621
13405550622
13405550623
13405550624
13405550625
13405550626
13405550627
13405550628
13405550629
13405550630
13405550631
13405550632
13405550633
13405550634
13405550635
13405550636
13405550637
13405550638
13405550639
13405550640
13405550641
13405550642
13405550643
13405550644
13405550645
13405550646
13405550647
13405550648
13405550649
13405550650
13405550651
13405550652
13405550653
13405550654
13405550655
13405550656
13405550657
13405550658
13405550659
13405550660
13405550661
13405550662
13405550663
13405550664
13405550665
13405550666
13405550667
13405550668
13405550669
13405550670
13405550671
13405550672
13405550673
13405550674
13405550675
13405550676
13405550677
13405550678
13405550679
13405550680
13405550681
13405550682
13405550683
13405550684
13405550685
13405550686
13405550687
13405550688
13405550689
13405550690
13405550691
13405550692
13405550693
13405550694
13405550695
13405550696
13405550697
13405550698
13405550699
13405550700
13405550701
13405550702
13405550703
13405550704
13405550705
13405550706
13405550707
13405550708
13405550709
13405550710
13405550711
13405550712
13405550713
13405550714
13405550715
13405550716
13405550717
13405550718
13405550719
13405550720
13405550721
13405550722
13405550723
13405550724
13405550725
13405550726
13405550727
13405550728
13405550729
13405550730
13405550731
13405550732
13405550733
13405550734
13405550735
13405550736
13405550737
13405550738
13405550739
13405550740
13405550741
13405550742
13405550743
13405550744
13405550745
13405550746
13405550747
13405550748
13405550749
13405550750
13405550751
13405550752
13405550753
13405550754
13405550755
13405550756
13405550757
13405550758
13405550759
13405550760
13405550761
13405550762
13405550763
13405550764
13405550765
13405550766
13405550767
13405550768
13405550769
13405550770
13405550771
13405550772
13405550773
13405550774
13405550775
13405550776
13405550777
13405550778
13405550779
13405550780
13405550781
13405550782
13405550783
13405550784
13405550785
13405550786
13405550787
13405550788
13405550789
13405550790
13405550791
13405550792
13405550793
13405550794
13405550795
13405550796
13405550797
13405550798
13405550799
13405550800
13405550801
13405550802
13405550803
13405550804
13405550805
13405550806
13405550807
13405550808
13405550809
13405550810
13405550811
13405550812
13405550813
13405550814
13405550815
13405550816
13405550817
13405550818
13405550819
13405550820
13405550821
13405550822
13405550823
13405550824
13405550825
13405550826
13405550827
13405550828
13405550829
13405550830
13405550831
13405550832
13405550833
13405550834
13405550835
13405550836
13405550837
13405550838
13405550839
13405550840
13405550841
13405550842
13405550843
13405550844
13405550845
13405550846
13405550847
13405550848
13405550849
13405550850
13405550851
13405550852
13405550853
13405550854
13405550855
13405550856
13405550857
13405550858
13405550859
13405550860
13405550861
13405550862
13405550863
13405550864
13405550865
13405550866
13405550867
13405550868
13405550869
13405550870
13405550871
13405550872
13405550873
13405550874
13405550875
13405550876
13405550877
13405550878
13405550879
13405550880
13405550881
13405550882
13405550883
13405550884
13405550885
13405550886
13405550887
13405550888
13405550889
13405550890
13405550891
13405550892
13405550893
13405550894
13405550895
13405550896
13405550897
13405550898
13405550899
13405550900
13405550901
13405550902
13405550903
13405550904
13405550905
13405550906
13405550907
13405550908
13405550909
13405550910
13405550911
13405550912
13405550913
13405550914
13405550915
13405550916
13405550917
13405550918
13405550919
13405550920
13405550921
13405550922
13405550923
13405550924
13405550925
13405550926
13405550927
13405550928
13405550929
13405550930
13405550931
13405550932
13405550933
13405550934
13405550935
13405550936
13405550937
13405550938
13405550939
13405550940
13405550941
13405550942
13405550943
13405550944
13405550945
13405550946
13405550947
13405550948
13405550949
13405550950
13405550951
13405550952
13405550953
13405550954
13405550955
13405550956
13405550957
13405550958
13405550959
13405550960
13405550961
13405550962
13405550963
13405550964
13405550965
13405550966
13405550967
13405550968
13405550969
13405550970
13405550971
13405550972
13405550973
13405550974
13405550975
13405550976
13405550977
13405550978
13405550979
13405550980
13405550981
13405550982
13405550983
13405550984
13405550985
13405550986
13405550987
13405550988
13405550989
13405550990
13405550991
13405550992
13405550993
13405550994
13405550995
13405550996
13405550997
13405550998
13405550999
13405551000
13405551001
13405551002
13405551003
13405551004
13405551005
13405551006
13405551007
13405551008
13405551009
13405551010
13405551011
13405551012
13405551013
13405551014
13405551015
13405551016
13405551017
13405551018
13405551019
13405551020
13405551021
13405551022
13405551023
13405551024
13405551025
13405551026
13405551027
13405551028
13405551029
13405551030
13405551031
13405551032
13405551033
13405551034
13405551035
13405551036
13405551037
13405551038
13405551039
13405551040
13405551041
13405551042
13405551043
13405551044
13405551045
13405551046
13405551047
13405551048
13405551049
13405551050
13405551051
13405551052
13405551053
13405551054
13405551055
13405551056
13405551057
13405551058
13405551059
13405551060
13405551061
13405551062
13405551063
13405551064
13405551065
13405551066
13405551067
13405551068
13405551069
13405551070
13405551071
13405551072
13405551073
13405551074
13405551075
13405551076
13405551077
13405551078
13405551079
13405551080
13405551081
13405551082
13405551083
13405551084
13405551085
13405551086
13405551087
13405551088
13405551089
13405551090
13405551091
13405551092
13405551093
13405551094
13405551095
13405551096
13405551097
13405551098
13405551099
13405551100
13405551101
13405551102
13405551103
13405551104
13405551105
13405551106
13405551107
13405551108
13405551109
13405551110
13405551111
13405551112
13405551113
13405551114
13405551115
13405551116
13405551117
13405551118
13405551119
13405551120
13405551121
13405551122
13405551123
13405551124
13405551125
13405551126
13405551127
13405551128
13405551129
13405551130
13405551131
13405551132
13405551133
13405551134
13405551135
13405551136
13405551137
13405551138
13405551139
13405551140
13405551141
13405551142
13405551143
13405551144
13405551145
13405551146
13405551147
13405551148
13405551149
13405551150
13405551151
13405551152
13405551153
13405551154
13405551155
13405551156
13405551157
13405551158
13405551159
13405551160
13405551161
13405551162
13405551163
13405551164
13405551165
13405551166
13405551167
13405551168
13405551169
13405551170
13405551171
13405551172
13405551173
13405551174
13405551175
13405551176
13405551177
13405551178
13405551179
13405551180
13405551181
13405551182
13405551183
13405551184
13405551185
13405551186
13405551187
13405551188
13405551189
13405551190
13405551191
13405551192
13405551193
13405551194
13405551195
13405551196
13405551197
13405551198
13405551199
13405551200
13405551201
13405551202
13405551203
13405551204
13405551205
13405551206
13405551207
13405551208
13405551209
13405551210
13405551211
13405551212
13405551213
13405551214
13405551215
13405551216
13405551217
13405551218
13405551219
13405551220
13405551221
13405551222
13405551223
13405551224
13405551225
13405551226
13405551227
13405551228
13405551229
13405551230
13405551231
13405551232
13405551233
13405551234
13405551235
13405551236
13405551237
13405551238
13405551239
13405551240
13405551241
13405551242
13405551243
13405551244
13405551245
13405551246
13405551247
13405551248
13405551249
13405551250
13405551251
13405551252
13405551253
13405551254
13405551255
13405551256
13405551257
13405551258
13405551259
13405551260
13405551261
13405551262
13405551263
13405551264
13405551265
13405551266
13405551267
13405551268
13405551269
13405551270
13405551271
13405551272
13405551273
13405551274
13405551275
13405551276
13405551277
13405551278
13405551279
13405551280
13405551281
13405551282
13405551283
13405551284
13405551285
13405551286
13405551287
13405551288
13405551289
13405551290
13405551291
13405551292
13405551293
13405551294
13405551295
13405551296
13405551297
13405551298
13405551299
13405551300
13405551301
13405551302
13405551303
13405551304
13405551305
13405551306
13405551307
13405551308
13405551309
13405551310
13405551311
13405551312
13405551313
13405551314
13405551315
13405551316
13405551317
13405551318
13405551319
13405551320
13405551321
13405551322
13405551323
13405551324
13405551325
13405551326
13405551327
13405551328
13405551329
13405551330
13405551331
13405551332
13405551333
13405551334
13405551335
13405551336
13405551337
13405551338
13405551339
13405551340
13405551341
13405551342
13405551343
13405551344
13405551345
13405551346
13405551347
13405551348
13405551349
13405551350
13405551351
13405551352
13405551353
13405551354
13405551355
13405551356
13405551357
13405551358
13405551359
13405551360
13405551361
13405551362
13405551363
13405551364
13405551365
13405551366
13405551367
13405551368
13405551369
13405551370
13405551371
13405551372
13405551373
13405551374
13405551375
13405551376
13405551377
13405551378
13405551379
13405551380
13405551381
13405551382
13405551383
13405551384
13405551385
13405551386
13405551387
13405551388
13405551389
13405551390
13405551391
13405551392
13405551393
13405551394
13405551395
13405551396
13405551397
13405551398
13405551399
13405551400
13405551401
13405551402
13405551403
13405551404
13405551405
13405551406
13405551407
13405551408
13405551409
13405551410
13405551411
13405551412
13405551413
13405551414
13405551415
13405551416
13405551417
13405551418
13405551419
13405551420
13405551421
13405551422
13405551423
13405551424
13405551425
13405551426
13405551427
13405551428
13405551429
13405551430
13405551431
13405551432
13405551433
13405551434
13405551435
13405551436
13405551437
13405551438
13405551439
13405551440
13405551441
13405551442
13405551443
13405551444
13405551445
13405551446
13405551447
13405551448
13405551449
13405551450
13405551451
13405551452
13405551453
13405551454
13405551455
13405551456
13405551457
13405551458
13405551459
13405551460
13405551461
13405551462
13405551463
13405551464
13405551465
13405551466
13405551467
13405551468
13405551469
13405551470
13405551471
13405551472
13405551473
13405551474
13405551475
13405551476
13405551477
13405551478
13405551479
13405551480
13405551481
13405551482
13405551483
13405551484
13405551485
13405551486
13405551487
13405551488
13405551489
13405551490
13405551491
13405551492
13405551493
13405551494
13405551495
13405551496
13405551497
13405551498
13405551499
13405551500
13405551501
13405551502
13405551503
13405551504
13405551505
13405551506
13405551507
13405551508
13405551509
13405551510
13405551511
13405551512
13405551513
13405551514
13405551515
13405551516
13405551517
13405551518
13405551519
13405551520
13405551521
13405551522
13405551523
13405551524
13405551525
13405551526
13405551527
13405551528
13405551529
13405551530
13405551531
13405551532
13405551533
13405551534
13405551535
13405551536
13405551537
13405551538
13405551539
13405551540
13405551541
13405551542
13405551543
13405551544
13405551545
13405551546
13405551547
13405551548
13405551549
13405551550
13405551551
13405551552
13405551553
13405551554
13405551555
13405551556
13405551557
13405551558
13405551559
13405551560
13405551561
13405551562
13405551563
13405551564
13405551565
13405551566
13405551567
13405551568
13405551569
13405551570
13405551571
13405551572
13405551573
13405551574
13405551575
13405551576
13405551577
13405551578
13405551579
13405551580
13405551581
13405551582
13405551583
13405551584
13405551585
13405551586
13405551587
13405551588
13405551589
13405551590
13405551591
13405551592
13405551593
13405551594
13405551595
13405551596
13405551597
13405551598
13405551599
13405551600
13405551601
13405551602
13405551603
13405551604
13405551605
13405551606
13405551607
13405551608
13405551609
13405551610
13405551611
13405551612
13405551613
13405551614
13405551615
13405551616
13405551617
13405551618
13405551619
13405551620
13405551621
13405551622
13405551623
13405551624
13405551625
13405551626
13405551627
13405551628
13405551629
13405551630
13405551631
13405551632
13405551633
13405551634
13405551635
13405551636
13405551637
13405551638
13405551639
13405551640
13405551641
13405551642
13405551643
13405551644
13405551645
13405551646
13405551647
13405551648
13405551649
13405551650
13405551651
13405551652
13405551653
13405551654
13405551655
13405551656
13405551657
13405551658
13405551659
13405551660
13405551661
13405551662
13405551663
13405551664
13405551665
13405551666
13405551667
13405551668
13405551669
13405551670
13405551671
13405551672
13405551673
13405551674
13405551675
13405551676
13405551677
13405551678
13405551679
13405551680
13405551681
13405551682
13405551683
13405551684
13405551685
13405551686
13405551687
13405551688
13405551689
13405551690
13405551691
13405551692
13405551693
13405551694
13405551695
13405551696
13405551697
13405551698
13405551699
13405551700
13405551701
13405551702
13405551703
13405551704
13405551705
13405551706
13405551707
13405551708
13405551709
13405551710
13405551711
13405551712
13405551713
13405551714
13405551715
13405551716
13405551717
13405551718
13405551719
13405551720
13405551721
13405551722
13405551723
13405551724
13405551725
13405551726
13405551727
13405551728
13405551729
13405551730
13405551731
13405551732
13405551733
13405551734
13405551735
13405551736
13405551737
13405551738
13405551739
13405551740
13405551741
13405551742
13405551743
13405551744
13405551745
13405551746
13405551747
13405551748
13405551749
13405551750
13405551751
13405551752
13405551753
13405551754
13405551755
13405551756
13405551757
13405551758
13405551759
13405551760
13405551761
13405551762
13405551763
13405551764
13405551765
13405551766
13405551767
13405551768
13405551769
13405551770
13405551771
13405551772
13405551773
13405551774
13405551775
13405551776
13405551777
13405551778
13405551779
13405551780
13405551781
13405551782
13405551783
13405551784
13405551785
13405551786
13405551787
13405551788
13405551789
13405551790
13405551791
13405551792
13405551793
13405551794
13405551795
13405551796
13405551797
13405551798
13405551799
13405551800
13405551801
13405551802
13405551803
13405551804
13405551805
13405551806
13405551807
13405551808
13405551809
13405551810
13405551811
13405551812
13405551813
13405551814
13405551815
13405551816
13405551817
13405551818
13405551819
13405551820
13405551821
13405551822
13405551823
13405551824
13405551825
13405551826
13405551827
13405551828
13405551829
13405551830
13405551831
13405551832
13405551833
13405551834
13405551835
13405551836
13405551837
13405551838
13405551839
13405551840
13405551841
13405551842
13405551843
13405551844
13405551845
13405551846
13405551847
13405551848
13405551849
13405551850
13405551851
13405551852
13405551853
13405551854
13405551855
13405551856
13405551857
13405551858
13405551859
13405551860
13405551861
13405551862
13405551863
13405551864
13405551865
13405551866
13405551867
13405551868
13405551869
13405551870
13405551871
13405551872
13405551873
13405551874
13405551875
13405551876
13405551877
13405551878
13405551879
13405551880
13405551881
13405551882
13405551883
13405551884
13405551885
13405551886
13405551887
13405551888
13405551889
13405551890
13405551891
13405551892
13405551893
13405551894
13405551895
13405551896
13405551897
13405551898
13405551899
13405551900
13405551901
13405551902
13405551903
13405551904
13405551905
13405551906
13405551907
13405551908
13405551909
13405551910
13405551911
13405551912
13405551913
13405551914
13405551915
13405551916
13405551917
13405551918
13405551919
13405551920
13405551921
13405551922
13405551923
13405551924
13405551925
13405551926
13405551927
13405551928
13405551929
13405551930
13405551931
13405551932
13405551933
13405551934
13405551935
13405551936
13405551937
13405551938
13405551939
13405551940
13405551941
13405551942
13405551943
13405551944
13405551945
13405551946
13405551947
13405551948
13405551949
13405551950
13405551951
13405551952
13405551953
13405551954
13405551955
13405551956
13405551957
13405551958
13405551959
13405551960
13405551961
13405551962
13405551963
13405551964
13405551965
13405551966
13405551967
13405551968
13405551969
13405551970
13405551971
13405551972
13405551973
13405551974
13405551975
13405551976
13405551977
13405551978
13405551979
13405551980
13405551981
13405551982
13405551983
13405551984
13405551985
13405551986
13405551987
13405551988
13405551989
13405551990
13405551991
13405551992
13405551993
13405551994
13405551995
13405551996
13405551997
13405551998
13405551999
13405552000
13405552001
13405552002
13405552003
13405552004
13405552005
13405552006
13405552007
13405552008
13405552009
13405552010
13405552011
13405552012
13405552013
13405552014
13405552015
13405552016
13405552017
13405552018
13405552019
13405552020
13405552021
13405552022
13405552023
13405552024
13405552025
13405552026
13405552027
13405552028
13700000003
13800000014
14000550102
14401550001
14500000102
15000000007
15000002005
15004000007
15006003003
15007802005
15050002005
15053222008
15077000007
15505401006
15550003003
16087401006
16507401006
16606003003
16667703003
16670040100
16700000102
16705551006
16705551007
16705551008
16705551009
16705551010
16705551011
16705551012
16705551013
16705551014
16705551015
16705551016
16705551017
16705551018
16705551019
16705551020
16705551021
16705551022
16705551023
16705551024
16705551025
16705551026
16705551027
16705551028
16705551029
16705551030
16705551031
16705551032
16705551033
16705551034
16705551035
16705551036
16705551037
16705551038
16705551039
16705551040
16705551041
16705551042
16705551043
16705551044
16705551045
16705551046
16705551047
16705551048
16705551049
16705551050
16705551051
16705551052
16705551053
16705551054
16705551055
16705551056
16705551057
16705551058
16705551059
16705551060
16705551061
16705551062
16705551063
16705551064
16705551065
16705551066
16705551067
16705551068
16705551069
16705551070
16705551071
16705551072
16705551073
16705551074
16705551942
16705551943
16705551944
16705551945
16705551946
16705551947
16705551948
16705551949
16705551950
16705551951
16705551952
16705551953
16705551954
16705551955
16705551956
16705551957
16705551958
16705551959
16705551960
16705551961
16705551962
16705551963
16705551964
16705551965
16705551966
16705551967
16705551968
16705551969
16705551970
16705551971
16705551972
16705551973
16705551974
16705551975
16705551976
16705551977
16705551978
16705551979
16705551980
16705551981
16705551982
16705551983
16705551984
16705551985
16705551986
16705551987
16705551988
16705551989
16705551990
16705551991
16705551992
16705551993
16705551994
16705551995
16705551996
16705551997
16705551998
16705551999
16705552000
16705552001
16705552002
16705552003
16705552004
16705552005
16705552006
16705552007
16705552008
16705552009
16705552010
16705552011
16705552012
16705552013
16705552014
16705552015
16705552016
16705552017
16705552018
16705552019
16705552020
16705552021
16705552022
16705552023
16705552024
16705552025
16705552026
16705552027
16707703003
16745351075
16745351076
16745351077
16745351078
16745351079
16745351080
16745351081
16745351082
16745351083
16745351084
16745351085
16745351086
16745351087
16745351088
16745351089
16745351090
16745351091
16745351092
16745351093
16745351094
16745351095
16745351096
16745351097
16745351098
16745351099
16745351100
16745351101
16745351102
16745351103
16745351104
16745351105
16745351106
16745351107
16745351108
16745351109
16745351110
16745351111
16745351112
16745351113
16745351114
16745351115
16745351116
16745351117
16745351118
16745351119
16745351120
16745351121
16745351122
16745351123
16745351124
16745351125
16745351126
16745351127
16745351128
16745351129
16745351130
16745351131
16745351132
16745351133
16745351134
16745351135
16745351136
16745351137
16745351138
16745351139
16745351140
16745351141
16745351142
16745351143
16745351144
16745351145
16745351146
16745351147
16745351148
16745351149
16745351150
16745351151
16745351152
16745351153
16745351154
16745351155
16745351156
16745351157
16745351158
16745351159
16745351160
16745351161
16745351162
16745351163
16745351164
16745351165
16745351166
16745351167
16745351168
16745351169
16745351170
16745351171
16745351172
16745351173
16745351174
16745351175
16745351176
16745351177
16745351178
16745351179
16745351180
16745351181
16745351182
16745351183
16745351184
16745351185
16745351186
16745351187
16745351188
16745351189
16745351190
16745351191
16745351192
16745351193
16745351194
16745351195
16745351196
16745351197
16745351198
16745351199
16745351200
16745351201
16745351202
16745351203
16745351204
16745351205
16745351206
16745351207
16745351208
16745351209
16745351210
16745351211
16745351212
16745351213
16745351214
16745351215
16745351216
16745351217
16745351218
16745351219
16745351220
16745351221
16745351222
16745351223
16745351224
16745351225
16745351226
16745351227
16745351228
16745351229
16745351230
16745351231
16745351232
16745351233
16745351234
16745351235
16745351236
16745351237
16745351238
16745351239
16745351240
16745351241
16745351242
16745351243
16745351244
16745351245
16745351246
16745351247
16745351248
16745351249
16745351250
16745351251
16745351252
16745351253
16745351254
16745351255
16745351256
16745351257
16745351258
16745351259
16745351260
16745351261
16745351262
16745351263
16745351264
16745351265
16745351266
16745351267
16745351268
16745351269
16745351270
16745351271
16745351272
16745351273
16745351274
16745351275
16745351276
16745351277
16745351278
16745351279
16745351280
16745351281
16745351282
16745351283
16745351284
16745351285
16745351286
16745351287
16745351288
16745351289
16745351290
16745351291
16745351292
16745351293
16745351294
16745351295
16745351296
16745351297
16745351298
16745351299
16745351300
16745351301
16745351302
16745351303
16745351304
16745351305
16745351306
16745351307
16745351308
16745351309
16745351310
16745351311
16745351312
16745351313
16745351314
16745351315
16745351316
16745351317
16745351318
16745351319
16745351320
16745351321
16745351322
16745351323
16745351324
16745351325
16745351326
16745351327
16745351328
16745351329
16745351330
16745351331
16745351332
16745351333
16745351334
16745351335
16745351336
16745351337
16745351338
16745351339
16745351340
16745351341
16745351342
16745351343
16745351344
16745351345
16745351346
16745351347
16745351348
16745351349
16745351350
16745351351
16745351352
16745351353
16745351354
16745351355
16745351356
16745351357
16745351358
16745351359
16745351360
16745351361
16745351362
16745351363
16745351364
16745351365
16745351366
16745351367
16745351368
16745351369
16745351370
16745351371
16745351372
16745351373
16745351374
16745351375
16745351376
16745351377
16745351378
16745351379
16745351380
16745351381
16745351382
16745351383
16745351384
16745351385
16745351386
16745351387
16745351388
16745351389
16745351390
16745351391
16745351392
16745351393
16745351394
16745351395
16745351396
16745351397
16745351398
16745351399
16745351400
16745351401
16745351402
16745351403
16745351404
16745351405
16745351406
16745351407
16745351408
16745351409
16745351410
16745351411
16745351412
16745351413
16745351414
16745351415
16745351416
16745351417
16745351418
16745351419
16745351420
16745351421
16745351422
16745351423
16745351424
16745351425
16745351426
16745351427
16745351428
16745351429
16745351430
16745351431
16745351432
16745351433
16745351434
16745351435
16745351436
16745351437
16745351438
16745351439
16745351440
16745351441
16745351442
16745351443
16745351444
16745351445
16745351446
16745351447
16745351448
16745351449
16745351450
16745351451
16745351452
16745351453
16745351454
16745351455
16745351456
16745351457
16745351458
16745351459
16745351460
16745351461
16745351462
16745351463
16745351464
16745351465
16745351466
16745351467
16745351468
16745351469
16745351470
16745351471
16745351472
16745351473
16745351474
16745351475
16745351476
16745351477
16745351478
16745351479
16745351480
16745351481
16745351482
16745351483
16745351484
16745351485
16745351486
16745351487
16745351488
16745351489
16745351490
16745351491
16745351492
16745351493
16745351494
16745351495
16745351496
16745351497
16745351498
16745351499
16745351500
16745351501
16745351502
16745351503
16745351504
16745351505
16745351506
16745351507
16745351508
16745351509
16745351510
16745351511
16745351512
16745351513
16745351514
16745351515
16745351516
16745351517
16745351518
16745351519
16745351520
16745351521
16745351522
16745351523
16745351524
16745351525
16745351526
16745351527
16745351528
16745351529
16745351530
16745351531
16745351532
16745351533
16745351534
16745351535
16745351536
16745351537
16745351538
16745351539
16745351540
16745351541
16745351542
16745351543
16745351544
16745351545
16745351546
16745351547
16745351548
16745351549
16745351550
16745351551
16745351552
16745351553
16745351554
16745351555
16745351556
16745351557
16745351558
16745351559
16745351560
16745351561
16745351562
16745351563
16745351564
16745351565
16745351566
16745351567
16745351568
16745351569
16745351570
16745351571
16745351572
16745351573
16745351574
16745351575
16745351576
16745351577
16745351578
16745351579
16745351580
16745351581
16745351582
16745351583
16745351584
16745351585
16745351586
16745351587
16745351588
16745351589
16745351590
16745351591
16745351592
16745351593
16745351594
16745351595
16745351596
16745351597
16745351598
16745351599
16745351600
16745351601
16745351602
16745351603
16745351604
16745351605
16745351606
16745351607
16745351608
16745351609
16745351610
16745351611
16745351612
16745351613
16745351614
16745351615
16745351616
16745351617
16745351618
16745351619
16745351620
16745351621
16745351622
16745351623
16745351624
16745351625
16745351626
16745351627
16745351628
16745351629
16745351630
16745351869
16745351870
16745351871
16745351872
16745351873
16745351874
16745351875
16745351876
16745351877
16745351878
16745351879
16745351880
16745351881
16745351882
16745351883
16745351884
16745351885
16745351886
16745351887
16745351888
16745351889
16745351890
16745351891
16745351892
16745351893
16745351894
16745351895
16745351896
16745351897
16745351898
16745351899
16745351900
16745351901
16745351902
16745351903
16745351904
16745351905
16745351906
16745351907
16745351908
16745351909
16745351910
16745351911
16745351912
16745351913
16745351914
16745351915
16745351916
16745351917
16745351918
16745351919
16745351920
16745351921
16745351922
16745351923
16745351924
16745351925
16745351926
16745351927
16745351928
16745351929
16745351930
16745351931
16745351932
16745351933
16745351934
16745351935
16745351936
16745351937
16745351938
16745351939
16745351940
16745351941
16780000010
17000000409
17000450409
17080004059
17087066001
17678002008
16745351631
16745351632
16745351633
16745351634
16745351635
16745351636
16745351637
16745351638
16745351639
16745351640
16745351641
16745351642
16745351643
16745351644
16745351645
16745351646
16745351647
16745351648
16745351649
16745351650
16745351651
16745351652
16745351653
16745351654
16745351655
16745351656
16745351657
16745351658
16745351659
16745351660
16745351661
16745351662
16745351663
16745351664
16745351665
16745351666
16745351667
16745351668
16745351669
16745351670
16745351671
16745351672
16745351673
16745351674
16745351675
16745351676
16745351677
16745351678
16745351679
16745351680
16745351681
16745351682
16745351683
16745351684
16745351685
16745351686
16745351687
16745351688
16745351689
16745351690
16745351691
16745351692
16745351693
16745351694
16745351695
16745351696
16745351697
16745351698
16745351699
16745351700
16745351701
16745351702
16745351703
16745351704
16745351705
16745351706
16745351707
16745351708
16745351709
16745351710
16745351711
16745351712
16745351713
16745351714
16745351715
16745351716
16745351717
16745351718
16745351719
16745351720
16745351721
16745351722
16745351723
16745351724
16745351725
16745351726
16745351727
16745351728
16745351729
16745351730
16745351731
16745351732
16745351733
16745351734
16745351735
16745351736
16745351737
16745351738
16745351739
16745351740
16745351741
16745351742
16745351743
16745351744
16745351745
16745351746
16745351747
16745351748
16745351749
16745351750
16745351751
16745351752
16745351753
16745351754
16745351755
16745351756
16745351757
16745351758
16745351759
16745351760
16745351761
16745351762
16745351763
16745351764
16745351765
16745351766
16745351767
16745351768
16745351769
16745351770
16745351771
16745351772
16745351773
16745351774
16745351775
16745351776
16745351777
16745351778
16745351779
16745351780
16745351781
16745351782
16745351783
16745351784
16745351785
16745351786
16745351787
16745351788
16745351789
16745351790
16745351791
16745351792
16745351793
16745351794
16745351795
16745351796
16745351797
16745351798
16745351799
16745351800
16745351801
16745351802
16745351803
16745351804
16745351805
16745351806
16745351807
16745351808
16745351809
16745351810
16745351811
16745351812
16745351813
16745351814
16745351815
16745351816
16745351817
16745351818
16745351819
16745351820
16745351821
16745351822
16745351823
16745351824
16745351825
16745351826
16745351827
16745351828
16745351829
16745351830
16745351831
16745351832
16745351833
16745351834
16745351835
16745351836
16745351837
16745351838
16745351839
16745351840
16745351841
16745351842
16745351843
16745351844
16745351845
16745351846
16745351847
16745351848
16745351849
16745351850
16745351851
16745351852
11745311853
11745351854
16745351855
11711441856
11745351857
16745351858
18774418559
16745661860
16756751861
16745351862
16745351863
16745351864
16745351865
16745351866
16745351867
16745351868
17778002008
18000000004
18007800004
18400004545
14546575772